John 60 70 80 90 65 75 70 89.5 75.4
Can 60 70 80 202.202 80 75 70 89.5 75.4
mert 100 100 100 100 95 90 100 80 -1
Cannot 60 -70 80 90 80 75 -70 89.5 75.4
FeyizAli 202 202 101 202 202 202 202 202 202
John 60 70 80 90 65 75 70 89.5 75.4
Can 60 70 80 202.202 80 75 70 89.5 75.4
mert 100 100 100 100 95 90 100 80 -1
Cannot 60 -70 80 90 80 75 -70 89.5 75.4
FeyizAli 202 202 101 202 202 202 202 202 202
John 60 70 80 90 65 75 70 89.5 75.4
Can 60 70 80 202.202 80 75 70 89.5 75.4
mert 100 100 100 100 95 90 100 80 -1
Cannot 60 -70 80 90 80 75 -70 89.5 75.4
FeyizAli 202 202 101 202 202 202 202 202 202
John 60 70 80 90 65 75 70 89.5 75.4
Can 60 70 80 202.202 80 75 70 89.5 75.4
mert 100 100 100 100 95 90 100 80 -1
Cannot 60 -70 80 90 80 75 -70 89.5 75.4
FeyizAli 202 202 101 202 202 202 202 202 202
John 60 70 80 90 65 75 70 89.5 75.4
Can 60 70 80 202.202 80 75 70 89.5 75.4
mert 100 100 100 100 95 90 100 80 -1
Cannot 60 -70 80 90 80 75 -70 89.5 75.4
FeyizAli 202 202 101 202 202 202 202 202 202
John 60 70 80 90 65 75 70 89.5 75.4
Can 60 70 80 202.202 80 75 70 89.5 75.4
mert 100 100 100 100 95 90 100 80 -1
Cannot 60 -70 80 90 80 75 -70 89.5 75.4
FeyizAli 202 202 101 202 202 202 202 202 202
John 60 70 80 90 65 75 70 89.5 75.4
Can 60 70 80 202.202 80 75 70 89.5 75.4
mert 100 100 100 100 95 90 100 80 -1
Cannot 60 -70 80 90 80 75 -70 89.5 75.4
FeyizAli 202 202 101 202 202 202 202 202 202
John 60 70 80 90 65 75 70 89.5 75.4
Can 60 70 80 202.202 80 75 70 89.5 75.4
mert 100 100 100 100 95 90 100 80 -1
Cannot 60 -70 80 90 80 75 -70 89.5 75.4
FeyizAli 202 202 101 202 202 202 202 202 202
John 60 70 80 90 65 75 70 89.5 75.4
Can 60 70 80 202.202 80 75 70 89.5 75.4
mert 100 100 100 100 95 90 100 80 -1
Cannot 60 -70 80 90 80 75 -70 89.5 75.4
FeyizAli 202 202 101 202 202 202 202 202 202
John 60 70 80 90 65 75 70 89.5 75.4
Can 60 70 80 202.202 80 75 70 89.5 75.4
mert 100 100 100 100 95 90 100 80 -1
Cannot 60 -70 80 90 80 75 -70 89.5 75.4
FeyizAli 202 202 101 202 202 202 202 202 202